---
build/images/controller.png: 2015-08-26 15:40:05.000000000 -07:00
build/images/data.png: 2015-08-26 15:40:04.000000000 -07:00
build/images/face.jpg: 2015-08-26 15:39:34.000000000 -07:00
build/images/favicomatic/apple-touch-icon-114x114.png: 2015-08-26 15:39:35.000000000
  -07:00
build/images/favicomatic/apple-touch-icon-120x120.png: 2015-08-26 15:39:36.000000000
  -07:00
build/images/favicomatic/apple-touch-icon-144x144.png: 2015-08-26 15:39:39.000000000
  -07:00
build/images/favicomatic/apple-touch-icon-152x152.png: 2015-08-26 15:39:41.000000000
  -07:00
build/images/favicomatic/apple-touch-icon-57x57.png: 2015-08-26 15:39:41.000000000
  -07:00
build/images/favicomatic/apple-touch-icon-60x60.png: 2015-08-26 15:39:41.000000000
  -07:00
build/images/favicomatic/apple-touch-icon-72x72.png: 2015-08-26 15:39:41.000000000
  -07:00
build/images/favicomatic/apple-touch-icon-76x76.png: 2015-08-26 15:39:42.000000000
  -07:00
build/images/favicomatic/favicon-128.png: 2015-08-26 15:39:45.000000000 -07:00
build/images/favicomatic/favicon-16x16.png: 2015-08-26 15:39:43.000000000 -07:00
build/images/favicomatic/favicon-196x196.png: 2015-08-26 15:39:56.000000000 -07:00
build/images/favicomatic/favicon-32x32.png: 2015-08-26 15:39:46.000000000 -07:00
build/images/favicomatic/favicon-96x96.png: 2015-08-26 15:39:47.000000000 -07:00
build/images/favicomatic/mstile-144x144.png: 2015-08-26 15:39:52.000000000 -07:00
build/images/favicomatic/mstile-150x150.png: 2015-08-26 15:40:14.000000000 -07:00
build/images/favicomatic/mstile-310x150.png: 2015-08-26 15:40:27.000000000 -07:00
build/images/favicomatic/mstile-310x310.png: 2015-08-26 15:41:02.000000000 -07:00
build/images/favicomatic/mstile-70x70.png: 2015-08-26 15:40:13.000000000 -07:00
build/images/form_helpers_view.png: 2015-08-26 15:40:14.000000000 -07:00
build/images/gtp-menu.png: 2015-08-26 15:41:30.000000000 -07:00
build/images/html_form_view.png: 2015-08-26 15:40:24.000000000 -07:00
build/images/index_display.png: 2015-08-26 15:40:48.000000000 -07:00
build/images/index_view.png: 2015-08-26 15:41:07.000000000 -07:00
build/images/jason-data-icon.png: 2015-08-26 15:40:56.000000000 -07:00
build/images/middleman-blog-in-browser.png: 2015-08-26 15:41:50.000000000 -07:00
build/images/mrtruongscounter.jpg: 2015-08-26 15:41:16.000000000 -07:00
build/images/mrtruongsdisplay.jpg: 2015-08-26 15:41:16.000000000 -07:00
build/images/mrtruongsnapikins.jpg: 2015-08-26 15:41:17.000000000 -07:00
build/images/mrtruongsnearby.png: 2015-08-26 15:41:42.000000000 -07:00
build/images/mrtruongsporksandwich.jpg: 2015-08-26 15:41:21.000000000 -07:00
build/images/mrtruongsreview.png: 2015-08-26 15:41:40.000000000 -07:00
build/images/mvc.png: 2015-08-26 15:43:14.000000000 -07:00
build/images/partial_output.png: 2015-08-26 15:42:09.000000000 -07:00
build/images/program21days.png: 2015-08-26 15:42:28.000000000 -07:00
build/images/routes.png: 2015-08-26 15:42:25.000000000 -07:00
build/images/taco-medic-annie-order.jpg: 2015-08-26 15:42:20.000000000 -07:00
build/images/taco-medic-annie.jpg: 2015-08-26 15:42:21.000000000 -07:00
build/images/taco-medic-fish-2.jpg: 2015-08-26 15:42:21.000000000 -07:00
build/images/taco-medic-fish-tacos.jpg: 2015-08-26 15:42:22.000000000 -07:00
build/images/taco-medic-roca.jpg: 2015-08-26 15:42:22.000000000 -07:00
build/images/taco-medic-side.jpg: 2015-08-26 15:42:23.000000000 -07:00
build/images/views.png: 2015-08-26 15:42:38.000000000 -07:00
