---
build/images/controller.png: 2015-08-20 08:59:45.000000000 -07:00
build/images/data.png: 2015-08-20 08:59:44.000000000 -07:00
build/images/face.jpg: 2015-08-20 08:59:26.000000000 -07:00
build/images/favicomatic/apple-touch-icon-114x114.png: 2015-08-20 08:59:27.000000000
  -07:00
build/images/favicomatic/apple-touch-icon-120x120.png: 2015-08-20 08:59:27.000000000
  -07:00
build/images/favicomatic/apple-touch-icon-144x144.png: 2015-08-20 08:59:30.000000000
  -07:00
build/images/favicomatic/apple-touch-icon-152x152.png: 2015-08-20 08:59:31.000000000
  -07:00
build/images/favicomatic/apple-touch-icon-57x57.png: 2015-08-20 08:59:31.000000000
  -07:00
build/images/favicomatic/apple-touch-icon-60x60.png: 2015-08-20 08:59:31.000000000
  -07:00
build/images/favicomatic/apple-touch-icon-72x72.png: 2015-08-20 08:59:32.000000000
  -07:00
build/images/favicomatic/apple-touch-icon-76x76.png: 2015-08-20 08:59:32.000000000
  -07:00
build/images/favicomatic/favicon-128.png: 2015-08-20 08:59:34.000000000 -07:00
build/images/favicomatic/favicon-16x16.png: 2015-08-20 08:59:33.000000000 -07:00
build/images/favicomatic/favicon-196x196.png: 2015-08-20 08:59:38.000000000 -07:00
build/images/favicomatic/favicon-32x32.png: 2015-08-20 08:59:34.000000000 -07:00
build/images/favicomatic/favicon-96x96.png: 2015-08-20 08:59:35.000000000 -07:00
build/images/favicomatic/mstile-144x144.png: 2015-08-20 08:59:37.000000000 -07:00
build/images/favicomatic/mstile-150x150.png: 2015-08-20 08:59:54.000000000 -07:00
build/images/favicomatic/mstile-310x150.png: 2015-08-20 09:00:06.000000000 -07:00
build/images/favicomatic/mstile-310x310.png: 2015-08-20 09:00:38.000000000 -07:00
build/images/favicomatic/mstile-70x70.png: 2015-08-20 08:59:51.000000000 -07:00
build/images/form_helpers_view.png: 2015-08-20 08:59:53.000000000 -07:00
build/images/gtp-menu.png: 2015-08-20 09:01:04.000000000 -07:00
build/images/html_form_view.png: 2015-08-20 09:00:04.000000000 -07:00
build/images/index_display.png: 2015-08-20 09:00:28.000000000 -07:00
build/images/index_view.png: 2015-08-20 09:00:43.000000000 -07:00
build/images/jason-data-icon.png: 2015-08-20 09:00:34.000000000 -07:00
build/images/middleman-blog-in-browser.png: 2015-08-20 09:01:23.000000000 -07:00
build/images/mrtruongscounter.jpg: 2015-08-20 09:00:52.000000000 -07:00
build/images/mrtruongsdisplay.jpg: 2015-08-20 09:00:53.000000000 -07:00
build/images/mrtruongsnapikins.jpg: 2015-08-20 09:00:53.000000000 -07:00
build/images/mrtruongsnearby.png: 2015-08-20 09:01:16.000000000 -07:00
build/images/mrtruongsporksandwich.jpg: 2015-08-20 09:00:56.000000000 -07:00
build/images/mrtruongsreview.png: 2015-08-20 09:01:14.000000000 -07:00
build/images/mvc.png: 2015-08-20 09:02:45.000000000 -07:00
build/images/partial_output.png: 2015-08-20 09:01:41.000000000 -07:00
build/images/program21days.png: 2015-08-20 09:01:57.000000000 -07:00
build/images/routes.png: 2015-08-20 09:01:55.000000000 -07:00
build/images/taco-medic-annie-order.jpg: 2015-08-20 09:01:50.000000000 -07:00
build/images/taco-medic-annie.jpg: 2015-08-20 09:01:51.000000000 -07:00
build/images/taco-medic-fish-2.jpg: 2015-08-20 09:01:52.000000000 -07:00
build/images/taco-medic-fish-tacos.jpg: 2015-08-20 09:01:52.000000000 -07:00
build/images/taco-medic-roca.jpg: 2015-08-20 09:01:52.000000000 -07:00
build/images/taco-medic-side.jpg: 2015-08-20 09:01:53.000000000 -07:00
build/images/views.png: 2015-08-20 09:02:08.000000000 -07:00
