---
build/images/controller.png: 2016-05-12 09:31:49.000000000 +08:00
build/images/data.png: 2016-05-12 09:31:48.000000000 +08:00
build/images/Desktop-index.png: 2016-05-12 09:33:55.000000000 +08:00
build/images/Desktop.png: 2016-05-12 09:33:55.000000000 +08:00
build/images/face.jpg: 2016-05-12 09:31:50.000000000 +08:00
build/images/favicomatic/apple-touch-icon-114x114.png: 2016-05-12 09:31:51.000000000
  +08:00
build/images/favicomatic/apple-touch-icon-120x120.png: 2016-05-12 09:31:54.000000000
  +08:00
build/images/favicomatic/apple-touch-icon-144x144.png: 2016-05-12 09:31:56.000000000
  +08:00
build/images/favicomatic/apple-touch-icon-152x152.png: 2016-05-12 09:31:57.000000000
  +08:00
build/images/favicomatic/apple-touch-icon-57x57.png: 2016-05-12 09:31:56.000000000
  +08:00
build/images/favicomatic/apple-touch-icon-60x60.png: 2016-05-12 09:31:57.000000000
  +08:00
build/images/favicomatic/apple-touch-icon-72x72.png: 2016-05-12 09:31:57.000000000
  +08:00
build/images/favicomatic/apple-touch-icon-76x76.png: 2016-05-12 09:31:58.000000000
  +08:00
build/images/favicomatic/favicon-128.png: 2016-05-12 09:32:00.000000000 +08:00
build/images/favicomatic/favicon-16x16.png: 2016-05-12 09:31:58.000000000 +08:00
build/images/favicomatic/favicon-196x196.png: 2016-05-12 09:32:04.000000000 +08:00
build/images/favicomatic/favicon-32x32.png: 2016-05-12 09:32:00.000000000 +08:00
build/images/favicomatic/favicon-96x96.png: 2016-05-12 09:32:01.000000000 +08:00
build/images/favicomatic/mstile-144x144.png: 2016-05-12 09:32:03.000000000 +08:00
build/images/favicomatic/mstile-150x150.png: 2016-05-12 09:32:18.000000000 +08:00
build/images/favicomatic/mstile-310x150.png: 2016-05-12 09:32:29.000000000 +08:00
build/images/favicomatic/mstile-310x310.png: 2016-05-12 09:33:20.000000000 +08:00
build/images/favicomatic/mstile-70x70.png: 2016-05-12 09:32:44.000000000 +08:00
build/images/first.gif: 2016-05-12 09:32:45.000000000 +08:00
build/images/form_helpers_view.png: 2016-05-12 09:32:47.000000000 +08:00
build/images/gtp-menu.png: 2016-05-12 09:33:56.000000000 +08:00
build/images/html_form_view.png: 2016-05-12 09:33:38.000000000 +08:00
build/images/index_display.png: 2016-05-12 09:34:02.000000000 +08:00
build/images/index_view.png: 2016-05-12 09:34:35.000000000 +08:00
build/images/jason-data-icon.png: 2016-05-12 09:34:16.000000000 +08:00
build/images/middleman-blog-in-browser.png: 2016-05-12 09:35:11.000000000 +08:00
build/images/mrtruongscounter.jpg: 2016-05-12 09:34:19.000000000 +08:00
build/images/mrtruongsdisplay.jpg: 2016-05-12 09:34:19.000000000 +08:00
build/images/mrtruongsnapikins.jpg: 2016-05-12 09:34:19.000000000 +08:00
build/images/mrtruongsnearby.png: 2016-05-12 09:34:42.000000000 +08:00
build/images/mrtruongsporksandwich.jpg: 2016-05-12 09:34:20.000000000 +08:00
build/images/mrtruongsreview.png: 2016-05-12 09:34:38.000000000 +08:00
build/images/mvc.png: 2016-05-12 09:36:39.000000000 +08:00
build/images/page-source.png: 2016-05-12 09:35:36.000000000 +08:00
build/images/partial_output.png: 2016-05-12 09:35:21.000000000 +08:00
build/images/program21days.png: 2016-05-12 09:35:49.000000000 +08:00
build/images/routes.png: 2016-05-12 09:35:50.000000000 +08:00
build/images/spotlight-terminal.png: 2016-05-12 09:37:37.000000000 +08:00
build/images/taco-medic-annie-order.jpg: 2016-05-12 09:35:58.000000000 +08:00
build/images/taco-medic-annie.jpg: 2016-05-12 09:35:58.000000000 +08:00
build/images/taco-medic-fish-2.jpg: 2016-05-12 09:35:59.000000000 +08:00
build/images/taco-medic-fish-tacos.jpg: 2016-05-12 09:35:59.000000000 +08:00
build/images/taco-medic-roca.jpg: 2016-05-12 09:36:00.000000000 +08:00
build/images/taco-medic-side.jpg: 2016-05-12 09:36:00.000000000 +08:00
build/images/terminal-file.png: 2016-05-12 09:36:21.000000000 +08:00
build/images/view-page-source.png: 2016-05-12 09:36:09.000000000 +08:00
build/images/views.png: 2016-05-12 09:36:28.000000000 +08:00
